1
10
100
101
103
104
105
1056
106
107
1072
108
109
11
110
111
112
1124
113
114
115
1153303
116
1168
117
118
119
12
120
121
122
123
124
125
126
127
128
129
130
131
132
133
134
135
136
137
14
147
1470117
1495884
1495911
1496004
15
151
1547
1550
158
16
1691
1693
17
1740
18
1804526
1804527
1824139
1824178
1824185
1824188
1824313
1824314
1824350
1824371
1826093
1828147
1828324
1828436
1828472
1828790
1829228
1833351
1834645
1836098
199
2
20
2027
21
22
2206
2225
23
2374
2398
24
248
250
252
253
254
26
266
27
272
273
274
275
276
277
278
279
28
280
281
282
283
284
285
286
287
288
289
29
290
291
292
293
294
295
296
297
298
299
3
30
300
301
302
303
304
305
306
307
308
309
310
311
312
313
314
315
316
317
318
319
32
320
321
322
323
324
325
33
34
344
346
348
35
36
363
37
38
39
390
4
40
400
404
41
42
429
429570
429577
429580
429581
429582
429583
429584
429585
477
478
5228
5264
5265
5266
5267
551
576
588
6
757
759
760
761
762
763
773
783
785
786
789
790
8
817
854
856
869
874
875
884
885
886
887
888
89
9
90
900
90
90
91
91
92
92
93
94
94
95
96
97
