1836098
1834645
1833351
1829228
1828790
1828472
1828436
1828324
1828147
1826093
1824371
1824350
1824314
1824313
1824188
1824185
1824178
1824139
1804527
1804526
1496004
1495911
1495884
1470117
1153303
429585
429584
429583
429582
429581
429580
429577
429570
5267
5266
5265
5264
5228
2398
2374
2225
2206
2027
1740
1693
1691
1550
1547
1168
1124
1072
1056
900
888
887
886
885
884
875
874
869
856
854
817
790
789
786
785
783
773
763
762
761
760
759
757
588
576
551
478
477
429
404
400
390
363
348
346
344
325
324
323
322
321
320
319
318
317
316
315
314
313
312
311
310
309
308
307
306
305
304
303
302
301
300
299
298
297
296
295
294
293
292
291
290
289
288
287
286
285
284
283
282
281
280
279
278
277
276
275
274
273
272
266
254
253
252
250
248
199
158
151
147
137
136
135
134
133
132
131
130
129
128
127
126
125
124
123
122
121
120
119
118
117
116
115
114
113
112
111
110
109
108
107
106
105
104
103
101
100
97
96
95
94
94
93
92
92
91
91
90
90
90
89
42
41
40
39
38
37
36
35
34
33
32
30
29
28
27
26
24
23
22
21
20
18
17
16
15
14
12
11
10
9
8
6
4
3
2
1
